2655/1570/1120/49/28/20/
1203/872/328/87/55/45/
0
0
0
0
0
0
0
1
1
1
1
1
1
0
0
0
0
0
0
0
0
0
0
0
0
0
0
0
0
0
0
0
0
1
1
1
1
1
1
1
1
1
1
0
0
0
0
0
1
1
1
0
0
0
0
0
0
0
0
0
0
0
1
1
1
1
1
1
1
1
0
0
0
0
0
1
1
1
1
1
1
1
0
0
0
0
0
0
0
0
0
0
0
0
1
1
1
0
0
0
0
0
0
0
0
0
1
1
1
1
1
1
0
0
0
0
0
0
0
0
0
0
0
0
0
0
0
0
0
0
0
0
0
0
0
0
0
1
1
1
0
0
0
0
0
0
0
0
0
0
0
0
0
0
0
0
0
0
0
0
0
0
0
0
0
0
0
0
1
1
0
0
0
0
0
0
0
0
0
0
0
0
0
0
0
0
0
0
0
0
0
0
0
0
0
0
0
0
0
0
0
0
0
0
0
0
0
0
0
0
0
0
0
0
0
Production/Grain/Red/80/10/6/
0
0
0
0
Production/Grain/Red/80/10/7/
0
0
0
0
0
0
0
0
0
0
0
0
0
City/Blue City/Blue/150/10/1/11/
0
0
0
0
0
0
0
0
0
0
0
0
Production/Mine/Red/80/10/9/
0
0
0
0
0
0
0
0
0
0
0
0
0
Production/Mine/Blue/80/10/8/
0
0
0
0
0
0
0
0
0
Production/Mine/Red/80/10/9/
0
City/Red City/Red/150/10/1/9/
Unit/Settler/Red/100/2/1/1/0/1/100/
0
0
City/Red City/Red/150/10/1/7/
0
0
0
0
0
0
0
0
0
0
0
0
0
0
City/Blue City/Blue/150/10/1/8/
0
0
0
0
0
0
0
0
0
0
0
Production/Mine/Red/80/10/9/
0
0
0
0
0
0
0
0
0
0
0
0
0
0
Production/Grain/Blue/80/10/5/
0
0
0
0
0
0
0
City/Red City/Red/150/10/1/7/
0
City/Red City/Red/150/10/1/8/
0
City/Red City/Red/150/10/1/9/
0
0
Production/Mine/Red/80/10/8/
0
0
0
0
0
0
0
0
0
0
0
0
0
0
0
0
0
0
0
0
0
0
0
0
0
0
City/Red City/Red/150/10/1/9/
0
0
0
0
0
0
0
0
0
0
0
0
0
0
0
0
0
0
0
0
0
0
0
0
City/Red City/Red/150/10/1/8/
0
Production/Grain/Red/80/10/5/
0
0
0
0
0
0
0
0
0
0
0
0
0
0
0
0
0
0
0
0
0
0
0
0
0
0
0
0
0
Production/Grain/Red/80/10/7/
0
Production/Grain/Red/80/10/5/
0
0
0
0
0
0
0
0
0
0
0
0
0
0
0
0
0
0
0
0
0
0
0
0
0
0
0
0
0
0
0
0
0
0
0
0
0
0
0
0
0
0
0
0
0
0
0
0
0
0
0
0
0
0
0
0
0
0
0
0
0
0
0
0
0
0
0
0
0
0
0
0
0
0
0
0
0
0
0
0
0
0
0
0
0
0
0
0
0
0
0
0
0
0
0
0
0
0
0
0
0
0
0
0
0
0
0
0
0
0
0
0
0
0
0
0
0
0
0
0
0
0
0
0
2
2
0
0
0
0
0
0
0
0
0
0
0
0
0
0
0
0
0
0
0
0
0
0
0
0
0
2
2
2
0
0
0
0
0
0
0
0
0
0
0
2
2
2
1
0
0
0
0
0
0
0
0
0
0
2
2
2
2
2
0
0
0
0
0
0
0
0
2
2
1
1
2
1
1
0
0
0
0
0
0
0
0
0
0
2
2
2
0
0
0
0
0
2
2
2
2
1
1
1
1
1
1
1
0
0
0
0
0
0
0
0
0
0
0
0
0
0
0
0
0
2
1
1
1
1
1
1
1
1
1
1
1
0
0
0
0
0
0
